d,x
-0.716638406509611,0
-0.454633324709573,0.01
0.192074733298462,0.02
-0.249918390526252,0.03
-0.237313029010462,0.04
0.0545605375922411,0.05
1.09972896932871,0.06
0.0552156266284673,0.07
-0.231970826095443,0.08
-0.458450739605889,0.09
0.041110948936999,0.1
0.383729063669537,0.11
0.0994252433170496,0.12
0.507114227074178,0.13
0.408896276502199,0.14
0.521547188816639,0.15
1.03956247202439,0.16
0.544674343481781,0.17
-0.10441939424923,0.18
0.0582755990966234,0.19
-1.02506032846703,0.2
0.367996747789067,0.21
0.615669751685604,0.22
0.839247936090041,0.23
0.235935405937793,0.24
-0.0633771671929821,0.25
-0.00239796372222867,0.26
1.21353268420848,0.27
0.406246156868495,0.28
0.702843088699457,0.29
0.796366469734109,0.3
0.170556812006072,0.31
-0.0680474831337521,0.32
1.44709424299462,0.33
0.100285990839341,0.34
-0.340237523897988,0.35
-0.0795571896160606,0.36
0.611791013287726,0.37
0.729994535839881,0.38
-0.0857133670263316,0.39
0.71328064222119,0.4
0.54234273625234,0.41
0.732702532801884,0.42
1.03151281680689,0.43
0.470081148102711,0.44
1.11389987424836,0.45
0.529205163084555,0.46
0.00974718246168488,0.47
0.553509177733871,0.48
-0.949741956457831,0.49
-0.177560602642155,0.5
0.584443896265198,0.51
0.540364299096075,0.52
1.15796625277886,0.53
-0.142140824601649,0.54
0.794676634853815,0.55
1.09683053103664,0.56
-0.0781511068977647,0.57
1.19066979743472,0.58
0.191409250795008,0.59
0.574083846283807,0.6
0.511031067472759,0.61
0.946875768502159,0.62
0.463821592948914,0.63
0.645089022244098,0.64
-0.216481240321516,0.65
0.373923891883413,0.66
0.948019369326013,0.67
0.639458788507028,0.68
1.17217915945959,0.69
0.866000643105715,0.7
0.757711616471502,0.71
0.391400667144267,0.72
0.549914777247456,0.73
0.562484949675104,0.74
1.51512830240466,0.75
-0.440897416140218,0.76
1.1052865841701,0.77
0.1446172287877,0.78
1.15254599538127,0.79
1.1696201455268,0.8
0.341377740839633,0.81
2.3179302569786,0.82
0.50833237242892,0.83
0.895991968914079,0.84
1.13335052486824,0.85
0.425980008718184,0.86
1.67017827327533,0.87
1.32754272325959,0.88
1.90152121387421,0.89
0.639850392983687,0.9
0.418369004936763,0.91
1.05802199887025,0.92
1.49131147714978,0.93
1.32878991899431,0.94
0.965009350978566,0.95
0.820430545360807,0.96
0.610445093054162,0.97
0.822209636779114,0.98
1.19613602974869,0.99
0.880304745945863,1
1.09195443892684,1.01
0.441113950093171,1.02
0.0557876539058333,1.03
0.669055970594494,1.04
1.54227784984054,1.05
1.41109570058931,1.06
0.940710163972448,1.07
1.08168948371756,1.08
1.27293281633681,1.09
0.820965680117876,1.1
0.603895690584289,1.11
0.862787098561902,1.12
1.55668247459934,1.13
1.25324284570978,1.14
1.29002732916579,1.15
0.64136828892792,1.16
1.55433379909451,1.17
0.522359192860768,1.18
0.458429058250167,1.19
0.828945500501902,1.2
0.172422739464031,1.21
0.816657862932625,1.22
0.804710834738987,1.23
-0.0329202085353537,1.24
0.723513199661369,1.25
1.53169419651225,1.26
0.5279769031858,1.27
1.74634476264315,1.28
0.48699948931477,1.29
0.798750223557467,1.3
0.832979933520221,1.31
1.14112631384967,1.32
0.523361481223759,1.33
0.823577590855964,1.34
0.882933412421686,1.35
1.43648732159486,1.36
0.0935627458055587,1.37
1.38493868194329,1.38
0.875239301498764,1.39
1.43788158803738,1.4
0.837192804573765,1.41
0.752206781043266,1.42
0.0832057720057569,1.43
2.19444251911057,1.44
0.623597943682264,1.45
1.9185359365867,1.46
1.02376515749935,1.47
0.930014480306026,1.48
1.39013253220596,1.49
0.907233145305324,1.5
0.831612168404248,1.51
0.630835047092875,1.52
1.70297543284069,1.53
0.823308877860793,1.54
-0.188313873192412,1.55
1.27285525969663,1.56
0.965246507478604,1.57
0.509783613825384,1.58
1.23490805546575,1.59
0.901052476027913,1.6
0.146158165212888,1.61
0.857316711664645,1.62
0.833452315970796,1.63
0.841112079422118,1.64
0.534308750642638,1.65
1.35506011084148,1.66
1.12068722493508,1.67
0.71705938437852,1.68
1.40207370877021,1.69
0.742633652545956,1.7
0.671963556278771,1.71
1.14506830337741,1.72
-0.123330880514422,1.73
0.566381885408143,1.74
0.333388148769179,1.75
0.895341659780791,1.76
1.21246791438753,1.77
0.755462730148658,1.78
0.17917307553973,1.79
1.03872297054088,1.8
1.04754977932543,1.81
0.546664178014668,1.82
0.261400787115834,1.83
1.53671967202325,1.84
0.640555574360861,1.85
0.988309749736112,1.86
0.811201998265524,1.87
1.01172627004549,1.88
1.14339535254373,1.89
0.703098212132133,1.9
0.394381419679892,1.91
1.13336277181862,1.92
1.87187586298283,1.93
0.763247685366081,1.94
0.688476344289694,1.95
1.23723874762418,1.96
1.13060219508358,1.97
-0.0676149952278613,1.98
1.01200283511266,1.99
0.633848244395226,2
0.774844596735062,2.01
0.560548684051264,2.02
1.03108792110858,2.03
0.117472432883796,2.04
1.04063761204479,2.05
0.931942663215014,2.06
1.17211349187478,2.07
0.728949917173977,2.08
1.47677643706697,2.09
0.62125828814503,2.1
0.174356103075837,2.11
1.21214234940982,2.12
0.640811376665784,2.13
-0.447936905249401,2.14
1.50965507924532,2.15
0.589287366471737,2.16
0.176180213354511,2.17
1.42611006240682,2.18
0.237341145978198,2.19
0.512149197822637,2.2
1.56299122677482,2.21
0.668049064349202,2.22
0.8622127022205,2.23
0.592075797858066,2.24
-0.075926961247253,2.25
0.271459720520191,2.26
1.63199705104064,2.27
0.664593609632466,2.28
0.888344110737709,2.29
1.1521162467482,2.3
0.0680707721403881,2.31
0.663575301381195,2.32
0.677696953885964,2.33
0.863125060379158,2.34
1.00106732613882,2.35
0.475988102619089,2.36
0.464959954709615,2.37
-0.0326521967086887,2.38
0.269174210844069,2.39
1.45370490202695,2.4
0.911660426989213,2.41
0.968499756369919,2.42
-0.120284968451729,2.43
0.231025656387191,2.44
-0.0405995132348826,2.45
1.0605565213876,2.46
0.398679774682858,2.47
0.595791073894368,2.48
0.596841549738668,2.49
-0.00293915345398021,2.5
0.836050324369241,2.51
0.571101669165822,2.52
0.735393432468953,2.53
1.1277132251959,2.54
0.379704038126176,2.55
1.25409676265814,2.56
-0.683535826555325,2.57
0.733703662305768,2.58
-0.391044223063433,2.59
-0.0445230429549334,2.6
-0.555118319982375,2.61
0.65679622062374,2.62
-0.0709106033407618,2.63
0.351641486432832,2.64
0.432687711993998,2.65
-0.276986462299853,2.66
0.15913643584743,2.67
1.46435837071636,2.68
-0.237833593350681,2.69
0.802982533201643,2.7
0.0917671951179465,2.71
0.872281508487762,2.72
0.696499627480977,2.73
0.855018122332121,2.74
0.659970538540493,2.75
-0.401134683881477,2.76
0.127464282767623,2.77
0.301279036148273,2.78
0.459997821613605,2.79
0.117783551911014,2.8
-0.0154596473544044,2.81
0.0598542599817394,2.82
-0.209717857452481,2.83
0.152569913823393,2.84
-0.929934725535755,2.85
0.673301079644052,2.86
-0.0538571799640333,2.87
-0.491974217996458,2.88
1.18300422397646,2.89
0.492873869083579,2.9
0.969185603943403,2.91
0.671624896615347,2.92
-0.302832908613975,2.93
0.0856895483906839,2.94
0.0716380829549232,2.95
0.161113024493941,2.96
0.416074339801728,2.97
0.534472528302185,2.98
0.216852307677707,2.99
0.755230828755018,3
0.354394454384764,3.01
-0.0660088377235124,3.02
-0.444807660568632,3.03
-0.317437399193896,3.04
-1.03539259542889,3.05
0.0724191929428713,3.06
0.0450434468494517,3.07
-0.143027967684122,3.08
0.523836479038035,3.09
0.702979422482814,3.1
-0.457480340141151,3.11
-0.00983545586220112,3.12
-0.224014094355686,3.13
-0.062705926467131,3.14
0.00880918297161469,3.15
0.207634727202976,3.16
-0.148166085464514,3.17
0.176663882786179,3.18
-0.203739387626143,3.19
-0.173256449710957,3.2
-0.735554298411356,3.21
0.228562799011432,3.22
-0.073541534789528,3.23
-0.391917065129879,3.24
-0.104366062461918,3.25
-0.785569200154381,3.26
0.0259429369334655,3.27
-0.0318306312459502,3.28
-0.36803043946271,3.29
-0.644836785541316,3.3
-0.396057007303242,3.31
-1.11963326691326,3.32
-1.004428319803,3.33
-0.729286699322959,3.34
-0.0974961738127821,3.35
0.0717614774215196,3.36
0.217574164722065,3.37
-0.11332787440424,3.38
-0.726741422382578,3.39
-0.864640747513424,3.4
-0.393665332435955,3.41
-1.0415987259996,3.42
-0.376398886393592,3.43
-0.60968192246767,3.44
-0.0138628287464767,3.45
-0.415512430497942,3.46
-0.505463899622385,3.47
-0.571877990383839,3.48
0.248343364058988,3.49
-0.00160679410802678,3.5
0.140971016383995,3.51
-0.458534455251555,3.52
-0.589315754938273,3.53
-1.24292083150008,3.54
-1.37397402907419,3.55
-0.252902901018684,3.56
-0.619617705276262,3.57
-0.902104529895548,3.58
-0.210340351069963,3.59
-0.636555592476358,3.6
-0.424391442314792,3.61
-0.846922015445108,3.62
-0.104072616639402,3.63
-1.3404862270825,3.64
-0.530274301159006,3.65
-0.990490807122063,3.66
-0.161335042541394,3.67
-0.454582791275392,3.68
0.116634003600301,3.69
-0.267016263521744,3.7
-0.847834280484485,3.71
-0.590904187058909,3.72
-0.339069508002188,3.73
-0.338940963564865,3.74
-1.19914469733965,3.75
-0.204696743562532,3.76
0.236047234332545,3.77
-0.321618970051627,3.78
-0.318766781572793,3.79
-1.85545575908247,3.8
-0.725621379238093,3.81
-1.3210562712567,3.82
-0.359183407316171,3.83
-1.03451565961681,3.84
-0.850573947532148,3.85
-1.09584723355593,3.86
-0.33586218727425,3.87
-1.15057114887942,3.88
-0.340752807550291,3.89
-0.42960497926392,3.9
-0.88595626157993,3.91
-0.489337704748907,3.92
-1.53922820647537,3.93
0.270230130423817,3.94
-0.732863960609625,3.95
-1.23307638665597,3.96
-0.470767679281003,3.97
-0.566693309774172,3.98
-0.653990415474495,3.99
-0.318293818749003,4
-1.11893037695036,4.01
-0.177783943188717,4.02
-0.80932806067053,4.03
-0.918520287889922,4.04
-0.790639862706292,4.05
-1.48570793887512,4.06
-1.02462556450754,4.07
-1.08158242144842,4.08
-1.55315761088746,4.09
-0.799392793089958,4.1
-0.522357321178213,4.11
-1.31154982191977,4.12
-1.20613735210816,4.13
-0.423267814110688,4.14
-0.84424979572977,4.15
-1.0750107291883,4.16
-1.13837885198452,4.17
-1.34709423548705,4.18
-0.368330235452614,4.19
-1.32192170240609,4.2
-0.419864320777436,4.21
-0.627552628563851,4.22
-1.14231024729361,4.23
-0.925323862890409,4.24
-0.920818894864812,4.25
-1.09589268198103,4.26
-0.411305780514262,4.27
-0.397818778468692,4.28
-1.10075423968966,4.29
-0.871250827180456,4.3
-0.576305377691859,4.31
-0.427749208519712,4.32
-1.36324241334677,4.33
-1.6529995463557,4.34
-1.44904673534093,4.35
0.172800961363899,4.36
-1.04181612816898,4.37
-1.39397355481507,4.38
-1.15168485441048,4.39
-0.707308141810216,4.4
-0.593281931513765,4.41
-1.53186672632136,4.42
-0.68237245245564,4.43
-1.22058689467816,4.44
-0.0779888730693141,4.45
-0.900279512069714,4.46
-1.07287996848124,4.47
-1.00347758914155,4.48
-0.723080320638989,4.49
-0.887713854608839,4.5
-0.68326648861545,4.51
-1.17610784221579,4.52
-0.515717802094693,4.53
-0.198166027587453,4.54
-0.850005822685279,4.55
-1.17118328657858,4.56
-1.51179587853727,4.57
-1.10993695487532,4.58
-0.488679319033842,4.59
-0.963078301953809,4.6
-0.5250118858372,4.61
-1.49554712470417,4.62
-2.17272092592676,4.63
-0.296395969015575,4.64
-0.513277088796909,4.65
-1.22672720119343,4.66
-0.656618152740665,4.67
-0.656639571047307,4.68
0.0661659244932318,4.69
-0.101413107818302,4.7
-0.907638227047435,4.71
-1.00109646341874,4.72
-0.90314718928037,4.73
-1.80476016913606,4.74
-0.283710727406122,4.75
-1.43357092209516,4.76
-0.624310552846909,4.77
-0.535953189800769,4.78
-0.693151996182126,4.79
-1.34355938718627,4.8
-1.34620598110746,4.81
-1.83454572340504,4.82
-0.647126650786677,4.83
-0.977508688306525,4.84
-1.0852845660168,4.85
-0.833363734982474,4.86
-1.31927960080077,4.87
-1.60839605200746,4.88
-0.839555459702095,4.89
-1.01489129069078,4.9
-1.97134341777633,4.91
-1.66975174383672,4.92
-0.732972522626746,4.93
-1.08692698580225,4.94
-0.823009609388972,4.95
-0.894795583743592,4.96
0.0859848478294354,4.97
-0.738269985772205,4.98
-0.859969562037984,4.99
-1.30460580640791,5
-1.11983797248672,5.01
-0.188862762406388,5.02
-0.833010870044623,5.03
-1.87498325137777,5.04
-0.676196802633046,5.05
-1.02725261389085,5.06
-0.988662989793759,5.07
-1.23089345615124,5.08
-1.25414609957586,5.09
-1.18812964459091,5.1
-0.7045464417416,5.11
-0.80075395049283,5.12
-1.19989289878748,5.13
-1.07190494995291,5.14
-2.06771771587792,5.15
-1.47545075249056,5.16
-1.2288879495406,5.17
-0.707082934920326,5.18
-0.532579400524506,5.19
-0.99667800998148,5.2
-1.2924398610851,5.21
-0.818512118104992,5.22
-0.29902772910982,5.23
-0.987167315182268,5.24
-0.896349533718837,5.25
-0.882844819540196,5.26
-0.329978253727859,5.27
-0.417624233437966,5.28
-1.50528389968867,5.29
-1.22006461150984,5.3
-0.381094594147016,5.31
-0.376408482461413,5.32
-0.903878675778363,5.33
-1.13633003600305,5.34
-1.24589437544484,5.35
-0.202793342140144,5.36
-0.709589195020995,5.37
-0.742826953282401,5.38
-1.31077089033982,5.39
-0.2391528840876,5.4
-1.33498813821864,5.41
0.0289877260583041,5.42
-1.70540205539725,5.43
-0.198472569144941,5.44
-0.865997857764877,5.45
0.0566351081416563,5.46
0.150802924349017,5.47
-0.424728852716609,5.48
0.350868251737131,5.49
-0.287926708587987,5.5
-0.773775751690552,5.51
-0.0640244226463154,5.52
-1.07880242529976,5.53
-0.857600459079589,5.54
-0.215618862285329,5.55
-0.204099484417728,5.56
-1.23656425503027,5.57
-0.470091573250677,5.58
-1.61374614471099,5.59
-0.347320212826997,5.6
-1.44902010629595,5.61
-0.829631590121627,5.62
-0.0847181496572129,5.63
-0.570840713785759,5.64
-0.572982410705704,5.65
-0.0139657005743972,5.66
-1.08234466763783,5.67
-0.721104108008046,5.68
0.0991788637359863,5.69
-0.556549840059802,5.7
-1.31508046653831,5.71
-0.66913212394765,5.72
0.228136489505452,5.73
-0.777182725677669,5.74
0.198203132503375,5.75
0.153932409547111,5.76
-1.2317471963265,5.77
0.320403443551764,5.78
-0.621613607390066,5.79
-0.380892804837483,5.8
-0.749691502509205,5.81
-0.762391595176135,5.82
-0.128079679034685,5.83
-0.506415722145947,5.84
-1.31736844676363,5.85
-0.371899589318866,5.86
-0.591296932824402,5.87
0.163097584688051,5.88
0.995783004195722,5.89
-0.0781275766664341,5.9
-0.123228825760428,5.91
-0.35083348630826,5.92
0.0713774015344468,5.93
-0.526437867986909,5.94
-0.208131331158189,5.95
-1.65267609521632,5.96
-0.124503136218897,5.97
-0.467794461829794,5.98
-0.881930248871224,5.99
-0.612436616643248,6
-0.0996466944324204,6.01
-1.46329411176025,6.02
-1.31248353619686,6.03
0.54287742613065,6.04
-0.492339926456304,6.05
-0.48080527282918,6.06
-1.15680591580365,6.07
-0.0111466896764879,6.08
0.733044565200294,6.09
-1.04345542356687,6.1
0.19110068478824,6.11
0.106692640338253,6.12
-0.723514965738156,6.13
-0.163886544288222,6.14
0.132613745390249,6.15
0.950641133200146,6.16
-0.478729308170864,6.17
-0.440870922320504,6.18
0.602823100938994,6.19
-0.375249429592825,6.2
-0.793066804962051,6.21
0.303052556839429,6.22
-0.092106711583752,6.23
-0.00437755510149,6.24
1.11046368716696,6.25
-0.396952549255452,6.26
0.190831342440493,6.27
-0.966210531659959,6.28
